service_id,date,exception_type
401_merged_15070409,20251031,1
401_merged_15070409,20251030,1
401_merged_15070409,20251121,1
401_merged_15070409,20251120,1
401_merged_15070409,20251125,1
401_merged_15070409,20251124,1
401_merged_15070409,20250919,1
401_merged_15070409,20250918,1
401_merged_15070409,20250917,1
401_merged_15070409,20250916,1
401_merged_15070409,20250915,1
401_merged_15070409,20250912,1
401_merged_15070409,20250911,1
401_merged_15070409,20250910,1
401_merged_15070409,20251127,1
401_merged_15070409,20251126,1
401_merged_15070409,20251128,1
401_merged_15070409,20251002,1
401_merged_15070409,20251003,1
401_merged_15070409,20251001,1
401_merged_15070409,20251006,1
401_merged_15070409,20251007,1
401_merged_15070409,20251008,1
401_merged_15070409,20251009,1
401_merged_15070409,20251118,1
401_merged_15070409,20251201,1
401_merged_15070409,20251202,1
401_merged_15070409,20251203,1
401_merged_15070409,20251204,1
401_merged_15070409,20251205,1
401_merged_15070409,20250924,1
401_merged_15070409,20250925,1
401_merged_15070409,20251208,1
401_merged_15070409,20251209,1
401_merged_15070409,20251112,1
401_merged_15070409,20251113,1
401_merged_15070409,20251114,1
401_merged_15070409,20251117,1
401_merged_15070409,20250922,1
401_merged_15070409,20251015,1
401_merged_15070409,20251014,1
401_merged_15070409,20251017,1
401_merged_15070409,20251016,1
401_merged_15070409,20251010,1
401_merged_15070409,20251119,1
401_merged_15070409,20250923,1
401_merged_15070409,20251212,1
401_merged_15070409,20251211,1
401_merged_15070409,20251210,1
401_merged_15070409,20251217,1
401_merged_15070409,20251216,1
401_merged_15070409,20251215,1
401_merged_15070409,20251103,1
401_merged_15070409,20250926,1
401_merged_15070409,20251219,1
401_merged_15070409,20251218,1
401_merged_15070409,20251107,1
401_merged_15070409,20251106,1
401_merged_15070409,20251105,1
401_merged_15070409,20251104,1
401_merged_15070409,20251110,1
401_merged_15070409,20250929,1
401_merged_15070409,20251028,1
401_merged_15070409,20251029,1
401_merged_15070409,20251024,1
401_merged_15070409,20251027,1
401_merged_15070409,20251020,1
401_merged_15070409,20251021,1
401_merged_15070409,20251022,1
401_merged_15070409,20251023,1
401_merged_15070409,20250908,1
401_merged_15070409,20250909,1
401_merged_15070409,20250904,1
401_merged_15070409,20250905,1
401_merged_15070409,20250902,1
401_merged_15070409,20250903,1
1901_merged_15070402,20250909,1
1901_merged_15070402,20250926,1
1901_merged_15070402,20251231,1
1901_merged_15070402,20251230,1
1901_merged_15070402,20251031,1
1901_merged_15070402,20251030,1
1901_merged_15070402,20251121,1
1901_merged_15070402,20251120,1
1901_merged_15070402,20251125,1
1901_merged_15070402,20251124,1
1901_merged_15070402,20250919,1
1901_merged_15070402,20250918,1
1901_merged_15070402,20250916,1
1901_merged_15070402,20250915,1
1901_merged_15070402,20250912,1
1901_merged_15070402,20250911,1
1901_merged_15070402,20251127,1
1901_merged_15070402,20251128,1
1901_merged_15070402,20251002,1
1901_merged_15070402,20251003,1
1901_merged_15070402,20251006,1
1901_merged_15070402,20251007,1
1901_merged_15070402,20251009,1
1901_merged_15070402,20251118,1
1901_merged_15070402,20251201,1
1901_merged_15070402,20251202,1
1901_merged_15070402,20251204,1
1901_merged_15070402,20251205,1
1901_merged_15070402,20250925,1
1901_merged_15070402,20251208,1
1901_merged_15070402,20251209,1
1901_merged_15070402,20251113,1
1901_merged_15070402,20251114,1
1901_merged_15070402,20251117,1
1901_merged_15070402,20250922,1
1901_merged_15070402,20260102,1
1901_merged_15070402,20251014,1
1901_merged_15070402,20251017,1
1901_merged_15070402,20251016,1
1901_merged_15070402,20251010,1
1901_merged_15070402,20250923,1
1901_merged_15070402,20251212,1
1901_merged_15070402,20251211,1
1901_merged_15070402,20251216,1
1901_merged_15070402,20251215,1
1901_merged_15070402,20251103,1
1901_merged_15070402,20251222,1
1901_merged_15070402,20251219,1
1901_merged_15070402,20251218,1
1901_merged_15070402,20251107,1
1901_merged_15070402,20251106,1
1901_merged_15070402,20251104,1
1901_merged_15070402,20251110,1
1901_merged_15070402,20250929,1
1901_merged_15070402,20251028,1
1901_merged_15070402,20251024,1
1901_merged_15070402,20251027,1
1901_merged_15070402,20251020,1
1901_merged_15070402,20251021,1
1901_merged_15070402,20251023,1
1901_merged_15070402,20251224,1
1901_merged_15070402,20250908,1
1901_merged_15070402,20251223,1
1901_merged_15070402,20250904,1
1901_merged_15070402,20250905,1
1901_merged_15070402,20250902,1
1901_merged_15070402,20251229,1
155601_merged_15070442,20260129,1
155601_merged_15070442,20260128,1
155601_merged_15070442,20260127,1
155601_merged_15070442,20260126,1
155601_merged_15070442,20260121,1
155601_merged_15070442,20260120,1
155601_merged_15070442,20260123,1
155601_merged_15070442,20260122,1
155601_merged_15070442,20260119,1
155601_merged_15070442,20260209,1
155601_merged_15070442,20260330,1
155601_merged_15070442,20260327,1
155601_merged_15070442,20260326,1
155601_merged_15070442,20260325,1
155601_merged_15070442,20260324,1
155601_merged_15070442,20260323,1
155601_merged_15070442,20260202,1
155601_merged_15070442,20260203,1
155601_merged_15070442,20260114,1
155601_merged_15070442,20260115,1
155601_merged_15070442,20260116,1
155601_merged_15070442,20260409,1
155601_merged_15070442,20260112,1
155601_merged_15070442,20260113,1
155601_merged_15070442,20260402,1
155601_merged_15070442,20260401,1
155601_merged_15070442,20260407,1
155601_merged_15070442,20260331,1
155601_merged_15070442,20260312,1
155601_merged_15070442,20260313,1
155601_merged_15070442,20260310,1
155601_merged_15070442,20260311,1
155601_merged_15070442,20260316,1
155601_merged_15070442,20260317,1
155601_merged_15070442,20260219,1
155601_merged_15070442,20260218,1
155601_merged_15070442,20260217,1
155601_merged_15070442,20260318,1
155601_merged_15070442,20260319,1
155601_merged_15070442,20260213,1
155601_merged_15070442,20260212,1
155601_merged_15070442,20260211,1
155601_merged_15070442,20260210,1
155601_merged_15070442,20260107,1
155601_merged_15070442,20260106,1
155601_merged_15070442,20260105,1
155601_merged_15070442,20260415,1
155601_merged_15070442,20260414,1
155601_merged_15070442,20260417,1
155601_merged_15070442,20260416,1
155601_merged_15070442,20260410,1
155601_merged_15070442,20260109,1
155601_merged_15070442,20260108,1
155601_merged_15070442,20260224,1
155601_merged_15070442,20260225,1
155601_merged_15070442,20260204,1
155601_merged_15070442,20260413,1
155601_merged_15070442,20260205,1
155601_merged_15070442,20260206,1
155601_merged_15070442,20260305,1
155601_merged_15070442,20260304,1
155601_merged_15070442,20260220,1
155601_merged_15070442,20260306,1
155601_merged_15070442,20260226,1
155601_merged_15070442,20260227,1
155601_merged_15070442,20260303,1
155601_merged_15070442,20260302,1
155601_merged_15070442,20260130,1
155601_merged_15070442,20260309,1
155601_merged_15070442,20260320,1
155601_merged_15070442,20260223,1
155601_merged_15070442,20260408,1
1901_merged_15070426,20260312,1
1901_merged_15070426,20260313,1
1901_merged_15070426,20260310,1
1901_merged_15070426,20260129,1
1901_merged_15070426,20260317,1
1901_merged_15070426,20260219,1
1901_merged_15070426,20260217,1
1901_merged_15070426,20260127,1
1901_merged_15070426,20260126,1
1901_merged_15070426,20260213,1
1901_merged_15070426,20260120,1
1901_merged_15070426,20260123,1
1901_merged_15070426,20260122,1
1901_merged_15070426,20260106,1
1901_merged_15070426,20260105,1
1901_merged_15070426,20260306,1
1901_merged_15070426,20260414,1
1901_merged_15070426,20260417,1
1901_merged_15070426,20260416,1
1901_merged_15070426,20260410,1
1901_merged_15070426,20260109,1
1901_merged_15070426,20260108,1
1901_merged_15070426,20260323,1
1901_merged_15070426,20260224,1
1901_merged_15070426,20260119,1
1901_merged_15070426,20260413,1
1901_merged_15070426,20260205,1
1901_merged_15070426,20260318,1
1901_merged_15070426,20260305,1
1901_merged_15070426,20260223,1
1901_merged_15070426,20260220,1
1901_merged_15070426,20260319,1
1901_merged_15070426,20260226,1
1901_merged_15070426,20260209,1
1901_merged_15070426,20260303,1
1901_merged_15070426,20260302,1
1901_merged_15070426,20260327,1
1901_merged_15070426,20260326,1
1901_merged_15070426,20260325,1
1901_merged_15070426,20260324,1
1901_merged_15070426,20260309,1
1901_merged_15070426,20260202,1
1901_merged_15070426,20260320,1
1901_merged_15070426,20260115,1
1901_merged_15070426,20260116,1
1901_merged_15070426,20260409,1
1901_merged_15070426,20260206,1
1901_merged_15070426,20260112,1
1901_merged_15070426,20260113,1
1901_merged_15070426,20260402,1
1901_merged_15070426,20260203,1
1901_merged_15070426,20260406,1
1901_merged_15070426,20260407,1
1901_merged_15070426,20260227,1
1901_merged_15070426,20260331,1
1901_merged_15070426,20260130,1
1901_merged_15070426,20260212,1
1901_merged_15070426,20260330,1
1901_merged_15070426,20260316,1
1901_merged_15070426,20260210,1
3_merged_15070406,20251225,1
3_merged_15070406,20250930,1
3_merged_15070406,20251013,1
3_merged_15070406,20251111,1
3_merged_15070406,20250901,1
3_merged_15070406,20260101,1
253403_merged_15070404,20251225,1
253403_merged_15070404,20250930,1
253403_merged_15070404,20251013,1
253403_merged_15070404,20251111,1
253403_merged_15070404,20250901,1
253403_merged_15070404,20260101,1
1101_merged_15070416,20251231,1
1101_merged_15070416,20251230,1
1101_merged_15070416,20251030,1
1101_merged_15070416,20251120,1
1101_merged_15070416,20251125,1
1101_merged_15070416,20251124,1
1101_merged_15070416,20251127,1
1101_merged_15070416,20250918,1
1101_merged_15070416,20250917,1
1101_merged_15070416,20250916,1
1101_merged_15070416,20250915,1
1101_merged_15070416,20250911,1
1101_merged_15070416,20250910,1
1101_merged_15070416,20251126,1
1101_merged_15070416,20251002,1
1101_merged_15070416,20251001,1
1101_merged_15070416,20251006,1
1101_merged_15070416,20251007,1
1101_merged_15070416,20251008,1
1101_merged_15070416,20251009,1
1101_merged_15070416,20251118,1
1101_merged_15070416,20251119,1
1101_merged_15070416,20251202,1
1101_merged_15070416,20251203,1
1101_merged_15070416,20251204,1
1101_merged_15070416,20250924,1
1101_merged_15070416,20250925,1
1101_merged_15070416,20251208,1
1101_merged_15070416,20251209,1
1101_merged_15070416,20251112,1
1101_merged_15070416,20251113,1
1101_merged_15070416,20251117,1
1101_merged_15070416,20250922,1
1101_merged_15070416,20251015,1
1101_merged_15070416,20251014,1
1101_merged_15070416,20251016,1
1101_merged_15070416,20251201,1
1101_merged_15070416,20250923,1
1101_merged_15070416,20251211,1
1101_merged_15070416,20251210,1
1101_merged_15070416,20251217,1
1101_merged_15070416,20251216,1
1101_merged_15070416,20251215,1
1101_merged_15070416,20251103,1
1101_merged_15070416,20250908,1
1101_merged_15070416,20251218,1
1101_merged_15070416,20251106,1
1101_merged_15070416,20251105,1
1101_merged_15070416,20250909,1
1101_merged_15070416,20251110,1
1101_merged_15070416,20250929,1
1101_merged_15070416,20251028,1
1101_merged_15070416,20251029,1
1101_merged_15070416,20251027,1
1101_merged_15070416,20251020,1
1101_merged_15070416,20251021,1
1101_merged_15070416,20251022,1
1101_merged_15070416,20251023,1
1101_merged_15070416,20251224,1
1101_merged_15070416,20251222,1
1101_merged_15070416,20251223,1
1101_merged_15070416,20250904,1
1101_merged_15070416,20250903,1
1101_merged_15070416,20251104,1
1101_merged_15070416,20250902,1
1101_merged_15070416,20251229,1
1803_merged_15070437,20260215,1
701_merged_15070398,20250905,1
701_merged_15070398,20251003,1
701_merged_15070398,20251017,1
701_merged_15070398,20251010,1
701_merged_15070398,20251024,1
701_merged_15070398,20251107,1
701_merged_15070398,20251031,1
701_merged_15070398,20251121,1
701_merged_15070398,20251212,1
701_merged_15070398,20250926,1
701_merged_15070398,20251205,1
701_merged_15070398,20250919,1
701_merged_15070398,20251128,1
701_merged_15070398,20251219,1
701_merged_15070398,20251114,1
701_merged_15070398,20250912,1
32603_merged_15070420,20260222,1
32603_merged_15070420,20260208,1
32603_merged_15070420,20260329,1
32603_merged_15070420,20260315,1
32603_merged_15070420,20260125,1
32603_merged_15070420,20260216,1
32603_merged_15070420,20260301,1
32603_merged_15070420,20260201,1
32603_merged_15070420,20260308,1
32603_merged_15070420,20260419,1
32603_merged_15070420,20260111,1
32603_merged_15070420,20260403,1
32603_merged_15070420,20260118,1
32603_merged_15070420,20260412,1
32603_merged_15070420,20260322,1
32603_merged_15070420,20260405,1
101_merged_15070412,20251031,1
101_merged_15070412,20251030,1
101_merged_15070412,20251121,1
101_merged_15070412,20251120,1
101_merged_15070412,20251125,1
101_merged_15070412,20251124,1
101_merged_15070412,20250919,1
101_merged_15070412,20250918,1
101_merged_15070412,20250917,1
101_merged_15070412,20250916,1
101_merged_15070412,20250915,1
101_merged_15070412,20250912,1
101_merged_15070412,20250911,1
101_merged_15070412,20250910,1
101_merged_15070412,20251127,1
101_merged_15070412,20251126,1
101_merged_15070412,20251128,1
101_merged_15070412,20251002,1
101_merged_15070412,20251003,1
101_merged_15070412,20251001,1
101_merged_15070412,20251006,1
101_merged_15070412,20251007,1
101_merged_15070412,20251008,1
101_merged_15070412,20251009,1
101_merged_15070412,20251118,1
101_merged_15070412,20251201,1
101_merged_15070412,20251202,1
101_merged_15070412,20251203,1
101_merged_15070412,20251204,1
101_merged_15070412,20251205,1
101_merged_15070412,20250924,1
101_merged_15070412,20250925,1
101_merged_15070412,20251208,1
101_merged_15070412,20251209,1
101_merged_15070412,20251112,1
101_merged_15070412,20251113,1
101_merged_15070412,20251114,1
101_merged_15070412,20251117,1
101_merged_15070412,20250922,1
101_merged_15070412,20251015,1
101_merged_15070412,20251014,1
101_merged_15070412,20251017,1
101_merged_15070412,20251016,1
101_merged_15070412,20251010,1
101_merged_15070412,20251119,1
101_merged_15070412,20250923,1
101_merged_15070412,20251212,1
101_merged_15070412,20251211,1
101_merged_15070412,20251210,1
101_merged_15070412,20251217,1
101_merged_15070412,20251216,1
101_merged_15070412,20251215,1
101_merged_15070412,20251103,1
101_merged_15070412,20250926,1
101_merged_15070412,20251219,1
101_merged_15070412,20251218,1
101_merged_15070412,20251107,1
101_merged_15070412,20251106,1
101_merged_15070412,20251105,1
101_merged_15070412,20251104,1
101_merged_15070412,20251110,1
101_merged_15070412,20250929,1
101_merged_15070412,20251028,1
101_merged_15070412,20251029,1
101_merged_15070412,20251024,1
101_merged_15070412,20251027,1
101_merged_15070412,20251020,1
101_merged_15070412,20251021,1
101_merged_15070412,20251022,1
101_merged_15070412,20251023,1
101_merged_15070412,20250908,1
101_merged_15070412,20250909,1
101_merged_15070412,20250904,1
101_merged_15070412,20250905,1
101_merged_15070412,20250902,1
101_merged_15070412,20250903,1
253403_merged_15070428,20260216,1
253403_merged_15070428,20260403,1
152201_merged_15070410,20251230,1
152201_merged_15070410,20251030,1
152201_merged_15070410,20251120,1
152201_merged_15070410,20251125,1
152201_merged_15070410,20251124,1
152201_merged_15070410,20251127,1
152201_merged_15070410,20250918,1
152201_merged_15070410,20250917,1
152201_merged_15070410,20250916,1
152201_merged_15070410,20250915,1
152201_merged_15070410,20250911,1
152201_merged_15070410,20250910,1
152201_merged_15070410,20251126,1
152201_merged_15070410,20251002,1
152201_merged_15070410,20251001,1
152201_merged_15070410,20251006,1
152201_merged_15070410,20251007,1
152201_merged_15070410,20251008,1
152201_merged_15070410,20251009,1
152201_merged_15070410,20251118,1
152201_merged_15070410,20251119,1
152201_merged_15070410,20251202,1
152201_merged_15070410,20251203,1
152201_merged_15070410,20251204,1
152201_merged_15070410,20250924,1
152201_merged_15070410,20250925,1
152201_merged_15070410,20251208,1
152201_merged_15070410,20251209,1
152201_merged_15070410,20251112,1
152201_merged_15070410,20251113,1
152201_merged_15070410,20251117,1
152201_merged_15070410,20250922,1
152201_merged_15070410,20251015,1
152201_merged_15070410,20251014,1
152201_merged_15070410,20251016,1
152201_merged_15070410,20251201,1
152201_merged_15070410,20250923,1
152201_merged_15070410,20251211,1
152201_merged_15070410,20251210,1
152201_merged_15070410,20251217,1
152201_merged_15070410,20251216,1
152201_merged_15070410,20251215,1
152201_merged_15070410,20251103,1
152201_merged_15070410,20250908,1
152201_merged_15070410,20251218,1
152201_merged_15070410,20251106,1
152201_merged_15070410,20251105,1
152201_merged_15070410,20250909,1
152201_merged_15070410,20251110,1
152201_merged_15070410,20250929,1
152201_merged_15070410,20251028,1
152201_merged_15070410,20251029,1
152201_merged_15070410,20251027,1
152201_merged_15070410,20251020,1
152201_merged_15070410,20251021,1
152201_merged_15070410,20251022,1
152201_merged_15070410,20251023,1
152201_merged_15070410,20251224,1
152201_merged_15070410,20251222,1
152201_merged_15070410,20251223,1
152201_merged_15070410,20250904,1
152201_merged_15070410,20250903,1
152201_merged_15070410,20251104,1
152201_merged_15070410,20250902,1
152201_merged_15070410,20251229,1
701_merged_15070422,20260313,1
701_merged_15070422,20260220,1
701_merged_15070422,20260306,1
701_merged_15070422,20260227,1
701_merged_15070422,20260130,1
701_merged_15070422,20260213,1
701_merged_15070422,20260123,1
701_merged_15070422,20260116,1
701_merged_15070422,20260206,1
701_merged_15070422,20260417,1
701_merged_15070422,20260410,1
701_merged_15070422,20260109,1
152301_merged_15070411,20260102,1
152301_merged_15070411,20250905,1
152301_merged_15070411,20251003,1
152301_merged_15070411,20251017,1
152301_merged_15070411,20251010,1
152301_merged_15070411,20251024,1
152301_merged_15070411,20251107,1
152301_merged_15070411,20251031,1
152301_merged_15070411,20251121,1
152301_merged_15070411,20251212,1
152301_merged_15070411,20250926,1
152301_merged_15070411,20251205,1
152301_merged_15070411,20250919,1
152301_merged_15070411,20251128,1
152301_merged_15070411,20251219,1
152301_merged_15070411,20251114,1
152301_merged_15070411,20250912,1
152301_merged_15070411,20251231,1
162503_merged_15070400,20251225,1
162503_merged_15070400,20250930,1
162503_merged_15070400,20251013,1
162503_merged_15070400,20251111,1
162503_merged_15070400,20250901,1
162503_merged_15070400,20260101,1
3_merged_15070430,20260216,1
3_merged_15070430,20260403,1
162503_merged_15070424,20260216,1
162503_merged_15070424,20260403,1
169801_merged_15070438,20260313,1
169801_merged_15070438,20260220,1
169801_merged_15070438,20260306,1
169801_merged_15070438,20260227,1
169801_merged_15070438,20260327,1
169801_merged_15070438,20260130,1
169801_merged_15070438,20260213,1
169801_merged_15070438,20260212,1
169801_merged_15070438,20260123,1
169801_merged_15070438,20260320,1
169801_merged_15070438,20260116,1
169801_merged_15070438,20260402,1
169801_merged_15070438,20260417,1
169801_merged_15070438,20260410,1
169801_merged_15070438,20260109,1
169801_merged_15070438,20260206,1
201_merged_15070419,20260319,1
201_merged_15070419,20260316,1
201_merged_15070419,20260317,1
201_merged_15070419,20260327,1
201_merged_15070419,20260326,1
201_merged_15070419,20260318,1
201_merged_15070419,20260324,1
201_merged_15070419,20260323,1
201_merged_15070419,20260320,1
201_merged_15070419,20260406,1
201_merged_15070419,20260325,1
152201_merged_15070434,20260312,1
152201_merged_15070434,20260310,1
152201_merged_15070434,20260311,1
152201_merged_15070434,20260129,1
152201_merged_15070434,20260128,1
152201_merged_15070434,20260219,1
152201_merged_15070434,20260218,1
152201_merged_15070434,20260217,1
152201_merged_15070434,20260127,1
152201_merged_15070434,20260126,1
152201_merged_15070434,20260121,1
152201_merged_15070434,20260120,1
152201_merged_15070434,20260211,1
152201_merged_15070434,20260122,1
152201_merged_15070434,20260107,1
152201_merged_15070434,20260106,1
152201_merged_15070434,20260105,1
152201_merged_15070434,20260415,1
152201_merged_15070434,20260414,1
152201_merged_15070434,20260416,1
152201_merged_15070434,20260413,1
152201_merged_15070434,20260317,1
152201_merged_15070434,20260224,1
152201_merged_15070434,20260225,1
152201_merged_15070434,20260119,1
152201_merged_15070434,20260205,1
152201_merged_15070434,20260108,1
152201_merged_15070434,20260318,1
152201_merged_15070434,20260305,1
152201_merged_15070434,20260304,1
152201_merged_15070434,20260319,1
152201_merged_15070434,20260226,1
152201_merged_15070434,20260209,1
152201_merged_15070434,20260303,1
152201_merged_15070434,20260302,1
152201_merged_15070434,20260204,1
152201_merged_15070434,20260326,1
152201_merged_15070434,20260325,1
152201_merged_15070434,20260324,1
152201_merged_15070434,20260309,1
152201_merged_15070434,20260202,1
152201_merged_15070434,20260212,1
152201_merged_15070434,20260114,1
152201_merged_15070434,20260115,1
152201_merged_15070434,20260408,1
152201_merged_15070434,20260409,1
152201_merged_15070434,20260112,1
152201_merged_15070434,20260113,1
152201_merged_15070434,20260323,1
152201_merged_15070434,20260401,1
152201_merged_15070434,20260406,1
152201_merged_15070434,20260407,1
152201_merged_15070434,20260331,1
152201_merged_15070434,20260223,1
152201_merged_15070434,20260203,1
152201_merged_15070434,20260330,1
152201_merged_15070434,20260316,1
152201_merged_15070434,20260210,1
801_merged_15070441,20260312,1
801_merged_15070441,20260310,1
801_merged_15070441,20260311,1
801_merged_15070441,20260129,1
801_merged_15070441,20260128,1
801_merged_15070441,20260219,1
801_merged_15070441,20260218,1
801_merged_15070441,20260217,1
801_merged_15070441,20260127,1
801_merged_15070441,20260126,1
801_merged_15070441,20260121,1
801_merged_15070441,20260120,1
801_merged_15070441,20260211,1
801_merged_15070441,20260122,1
801_merged_15070441,20260107,1
801_merged_15070441,20260106,1
801_merged_15070441,20260105,1
801_merged_15070441,20260415,1
801_merged_15070441,20260414,1
801_merged_15070441,20260416,1
801_merged_15070441,20260413,1
801_merged_15070441,20260317,1
801_merged_15070441,20260323,1
801_merged_15070441,20260224,1
801_merged_15070441,20260225,1
801_merged_15070441,20260119,1
801_merged_15070441,20260204,1
801_merged_15070441,20260320,1
801_merged_15070441,20260205,1
801_merged_15070441,20260108,1
801_merged_15070441,20260318,1
801_merged_15070441,20260305,1
801_merged_15070441,20260304,1
801_merged_15070441,20260319,1
801_merged_15070441,20260226,1
801_merged_15070441,20260209,1
801_merged_15070441,20260303,1
801_merged_15070441,20260302,1
801_merged_15070441,20260327,1
801_merged_15070441,20260326,1
801_merged_15070441,20260325,1
801_merged_15070441,20260324,1
801_merged_15070441,20260309,1
801_merged_15070441,20260202,1
801_merged_15070441,20260212,1
801_merged_15070441,20260114,1
801_merged_15070441,20260115,1
801_merged_15070441,20260408,1
801_merged_15070441,20260409,1
801_merged_15070441,20260112,1
801_merged_15070441,20260113,1
801_merged_15070441,20260402,1
801_merged_15070441,20260401,1
801_merged_15070441,20260406,1
801_merged_15070441,20260407,1
801_merged_15070441,20260331,1
801_merged_15070441,20260223,1
801_merged_15070441,20260203,1
801_merged_15070441,20260330,1
801_merged_15070441,20260316,1
801_merged_15070441,20260210,1
259806,20251226,1
32603_merged_15070396,20251228,1
32603_merged_15070396,20251221,1
32603_merged_15070396,20260104,1
32603_merged_15070396,20260101,1
32603_merged_15070396,20251111,1
32603_merged_15070396,20250907,1
32603_merged_15070396,20251225,1
32603_merged_15070396,20251013,1
32603_merged_15070396,20251005,1
32603_merged_15070396,20251207,1
32603_merged_15070396,20251026,1
32603_merged_15070396,20251019,1
32603_merged_15070396,20251123,1
32603_merged_15070396,20251130,1
32603_merged_15070396,20251109,1
32603_merged_15070396,20250921,1
32603_merged_15070396,20250930,1
32603_merged_15070396,20251214,1
32603_merged_15070396,20251102,1
32603_merged_15070396,20250928,1
32603_merged_15070396,20250914,1
32603_merged_15070396,20250901,1
32603_merged_15070396,20251116,1
6,20251226,1
152301_merged_15070435,20260313,1
152301_merged_15070435,20260220,1
152301_merged_15070435,20260306,1
152301_merged_15070435,20260227,1
152301_merged_15070435,20260327,1
152301_merged_15070435,20260130,1
152301_merged_15070435,20260213,1
152301_merged_15070435,20260123,1
152301_merged_15070435,20260320,1
152301_merged_15070435,20260116,1
152301_merged_15070435,20260206,1
152301_merged_15070435,20260402,1
152301_merged_15070435,20260417,1
152301_merged_15070435,20260410,1
152301_merged_15070435,20260109,1
43501,20250926,1
43501,20251230,1
43501,20251031,1
43501,20251030,1
43501,20251121,1
43501,20251120,1
43501,20251125,1
43501,20251124,1
43501,20250919,1
43501,20250918,1
43501,20250917,1
43501,20250916,1
43501,20250915,1
43501,20250912,1
43501,20250911,1
43501,20250910,1
43501,20251127,1
43501,20251126,1
43501,20251128,1
43501,20251002,1
43501,20251003,1
43501,20251001,1
43501,20251006,1
43501,20251007,1
43501,20251008,1
43501,20251009,1
43501,20251118,1
43501,20251201,1
43501,20251202,1
43501,20251203,1
43501,20251204,1
43501,20251205,1
43501,20250924,1
43501,20250925,1
43501,20251208,1
43501,20251209,1
43501,20251112,1
43501,20251113,1
43501,20251114,1
43501,20251117,1
43501,20250922,1
43501,20260102,1
43501,20251015,1
43501,20251014,1
43501,20251017,1
43501,20251016,1
43501,20251010,1
43501,20251119,1
43501,20250923,1
43501,20251212,1
43501,20251211,1
43501,20251210,1
43501,20251217,1
43501,20251216,1
43501,20251215,1
43501,20251103,1
43501,20251222,1
43501,20251219,1
43501,20251218,1
43501,20251107,1
43501,20251106,1
43501,20251105,1
43501,20250909,1
43501,20251110,1
43501,20250929,1
43501,20251028,1
43501,20251029,1
43501,20251024,1
43501,20251027,1
43501,20251020,1
43501,20251021,1
43501,20251022,1
43501,20251023,1
43501,20251224,1
43501,20250908,1
43501,20251223,1
43501,20250904,1
43501,20250905,1
43501,20250903,1
43501,20251104,1
43501,20250902,1
43501,20251229,1
75401,20250926,1
75401,20251024,1
75401,20251114,1
75401,20260102,1
75401,20250905,1
75401,20251003,1
75401,20251017,1
75401,20251010,1
75401,20251231,1
75401,20251230,1
75401,20251031,1
75401,20251121,1
75401,20251212,1
75401,20251224,1
75401,20251222,1
75401,20251223,1
75401,20250919,1
75401,20251128,1
75401,20251219,1
75401,20251229,1
75401,20251107,1
75401,20250912,1
75401,20251205,1
162601_merged_15070399,20260102,1
162601_merged_15070399,20250905,1
162601_merged_15070399,20251003,1
162601_merged_15070399,20251017,1
162601_merged_15070399,20251010,1
162601_merged_15070399,20251024,1
162601_merged_15070399,20251107,1
162601_merged_15070399,20251031,1
162601_merged_15070399,20251121,1
162601_merged_15070399,20251212,1
162601_merged_15070399,20250926,1
162601_merged_15070399,20251205,1
162601_merged_15070399,20250919,1
162601_merged_15070399,20251128,1
162601_merged_15070399,20251219,1
162601_merged_15070399,20251114,1
162601_merged_15070399,20250912,1
201_merged_15070395,20251224,1
201_merged_15070395,20251222,1
201_merged_15070395,20260102,1
201_merged_15070395,20251231,1
201_merged_15070395,20251230,1
201_merged_15070395,20251229,1
201_merged_15070395,20251223,1
1201_merged_15070397,20260102,1
1201_merged_15070397,20250905,1
1201_merged_15070397,20251003,1
1201_merged_15070397,20251017,1
1201_merged_15070397,20251010,1
1201_merged_15070397,20251024,1
1201_merged_15070397,20251107,1
1201_merged_15070397,20251031,1
1201_merged_15070397,20251121,1
1201_merged_15070397,20251212,1
1201_merged_15070397,20250926,1
1201_merged_15070397,20251205,1
1201_merged_15070397,20250919,1
1201_merged_15070397,20251128,1
1201_merged_15070397,20251219,1
1201_merged_15070397,20251114,1
1201_merged_15070397,20250912,1
1101_merged_15070440,20260312,1
1101_merged_15070440,20260310,1
1101_merged_15070440,20260311,1
1101_merged_15070440,20260129,1
1101_merged_15070440,20260128,1
1101_merged_15070440,20260219,1
1101_merged_15070440,20260218,1
1101_merged_15070440,20260217,1
1101_merged_15070440,20260127,1
1101_merged_15070440,20260126,1
1101_merged_15070440,20260121,1
1101_merged_15070440,20260120,1
1101_merged_15070440,20260211,1
1101_merged_15070440,20260122,1
1101_merged_15070440,20260107,1
1101_merged_15070440,20260106,1
1101_merged_15070440,20260105,1
1101_merged_15070440,20260415,1
1101_merged_15070440,20260414,1
1101_merged_15070440,20260416,1
1101_merged_15070440,20260413,1
1101_merged_15070440,20260317,1
1101_merged_15070440,20260323,1
1101_merged_15070440,20260224,1
1101_merged_15070440,20260225,1
1101_merged_15070440,20260119,1
1101_merged_15070440,20260205,1
1101_merged_15070440,20260108,1
1101_merged_15070440,20260318,1
1101_merged_15070440,20260305,1
1101_merged_15070440,20260304,1
1101_merged_15070440,20260319,1
1101_merged_15070440,20260226,1
1101_merged_15070440,20260209,1
1101_merged_15070440,20260303,1
1101_merged_15070440,20260302,1
1101_merged_15070440,20260204,1
1101_merged_15070440,20260326,1
1101_merged_15070440,20260325,1
1101_merged_15070440,20260324,1
1101_merged_15070440,20260309,1
1101_merged_15070440,20260202,1
1101_merged_15070440,20260212,1
1101_merged_15070440,20260114,1
1101_merged_15070440,20260115,1
1101_merged_15070440,20260408,1
1101_merged_15070440,20260409,1
1101_merged_15070440,20260112,1
1101_merged_15070440,20260113,1
1101_merged_15070440,20260402,1
1101_merged_15070440,20260401,1
1101_merged_15070440,20260406,1
1101_merged_15070440,20260407,1
1101_merged_15070440,20260331,1
1101_merged_15070440,20260223,1
1101_merged_15070440,20260203,1
1101_merged_15070440,20260330,1
1101_merged_15070440,20260316,1
1101_merged_15070440,20260210,1
35301,20251231,1
259802,20251206,1
259802,20260103,1
259802,20251101,1
259802,20251011,1
259802,20251004,1
259802,20251025,1
259802,20251018,1
259802,20251213,1
259802,20251227,1
259802,20250920,1
259802,20251108,1
259802,20250927,1
259802,20251220,1
259802,20251129,1
259802,20251122,1
259802,20250906,1
259802,20250913,1
259802,20251115,1
259803,20251228,1
259803,20251221,1
259803,20260104,1
259803,20260101,1
259803,20251111,1
259803,20250907,1
259803,20251225,1
259803,20251013,1
259803,20251012,1
259803,20251207,1
259803,20251026,1
259803,20251005,1
259803,20251019,1
259803,20251123,1
259803,20251130,1
259803,20251109,1
259803,20250921,1
259803,20250930,1
259803,20251214,1
259803,20251102,1
259803,20250928,1
259803,20250914,1
259803,20250901,1
259803,20251116,1
259801,20250926,1
259801,20251231,1
259801,20251230,1
259801,20251031,1
259801,20251030,1
259801,20251121,1
259801,20251120,1
259801,20251125,1
259801,20251124,1
259801,20250919,1
259801,20250918,1
259801,20250917,1
259801,20250916,1
259801,20250915,1
259801,20250912,1
259801,20250911,1
259801,20250910,1
259801,20251127,1
259801,20251126,1
259801,20251128,1
259801,20251002,1
259801,20251003,1
259801,20251001,1
259801,20251006,1
259801,20251007,1
259801,20251008,1
259801,20251009,1
259801,20251118,1
259801,20251201,1
259801,20251202,1
259801,20251203,1
259801,20251204,1
259801,20251205,1
259801,20250924,1
259801,20250925,1
259801,20251208,1
259801,20251209,1
259801,20251112,1
259801,20251113,1
259801,20251114,1
259801,20251117,1
259801,20250922,1
259801,20260102,1
259801,20251015,1
259801,20251014,1
259801,20251017,1
259801,20251016,1
259801,20251010,1
259801,20251119,1
259801,20250923,1
259801,20251212,1
259801,20251211,1
259801,20251210,1
259801,20251217,1
259801,20251216,1
259801,20251215,1
259801,20251103,1
259801,20251222,1
259801,20251219,1
259801,20251218,1
259801,20251107,1
259801,20251106,1
259801,20251105,1
259801,20250909,1
259801,20251110,1
259801,20250929,1
259801,20251028,1
259801,20251029,1
259801,20251024,1
259801,20251027,1
259801,20251020,1
259801,20251021,1
259801,20251022,1
259801,20251023,1
259801,20251224,1
259801,20250908,1
259801,20251223,1
259801,20250904,1
259801,20250905,1
259801,20250903,1
259801,20251104,1
259801,20250902,1
259801,20251229,1
1201_merged_15070421,20260313,1
1201_merged_15070421,20260220,1
1201_merged_15070421,20260306,1
1201_merged_15070421,20260227,1
1201_merged_15070421,20260327,1
1201_merged_15070421,20260130,1
1201_merged_15070421,20260213,1
1201_merged_15070421,20260123,1
1201_merged_15070421,20260320,1
1201_merged_15070421,20260116,1
1201_merged_15070421,20260206,1
1201_merged_15070421,20260417,1
1201_merged_15070421,20260410,1
1201_merged_15070421,20260109,1
259701,20260312,1
259701,20260310,1
259701,20260311,1
259701,20260129,1
259701,20260128,1
259701,20260219,1
259701,20260218,1
259701,20260217,1
259701,20260127,1
259701,20260126,1
259701,20260121,1
259701,20260120,1
259701,20260211,1
259701,20260122,1
259701,20260107,1
259701,20260106,1
259701,20260105,1
259701,20260415,1
259701,20260414,1
259701,20260416,1
259701,20260413,1
259701,20260317,1
259701,20260323,1
259701,20260224,1
259701,20260225,1
259701,20260119,1
259701,20260205,1
259701,20260108,1
259701,20260318,1
259701,20260305,1
259701,20260304,1
259701,20260319,1
259701,20260226,1
259701,20260209,1
259701,20260303,1
259701,20260302,1
259701,20260204,1
259701,20260326,1
259701,20260325,1
259701,20260324,1
259701,20260309,1
259701,20260202,1
259701,20260212,1
259701,20260114,1
259701,20260115,1
259701,20260408,1
259701,20260409,1
259701,20260112,1
259701,20260113,1
259701,20260402,1
259701,20260401,1
259701,20260406,1
259701,20260407,1
259701,20260331,1
259701,20260223,1
259701,20260203,1
259701,20260330,1
259701,20260316,1
259701,20260210,1
259703,20260222,1
259703,20260208,1
259703,20260329,1
259703,20260315,1
259703,20260125,1
259703,20260216,1
259703,20260215,1
259703,20260301,1
259703,20260201,1
259703,20260308,1
259703,20260419,1
259703,20260111,1
259703,20260403,1
259703,20260118,1
259703,20260412,1
259703,20260322,1
259703,20260405,1
259702,20260307,1
259702,20260221,1
259702,20260214,1
259702,20260314,1
259702,20260328,1
259702,20260124,1
259702,20260228,1
259702,20260207,1
259702,20260321,1
259702,20260117,1
259702,20260131,1
259702,20260418,1
259702,20260110,1
259702,20260411,1
259702,20260404,1
155601_merged_15070418,20250926,1
155601_merged_15070418,20251231,1
155601_merged_15070418,20251230,1
155601_merged_15070418,20251031,1
155601_merged_15070418,20251030,1
155601_merged_15070418,20251121,1
155601_merged_15070418,20251120,1
155601_merged_15070418,20251125,1
155601_merged_15070418,20251124,1
155601_merged_15070418,20250919,1
155601_merged_15070418,20250918,1
155601_merged_15070418,20250917,1
155601_merged_15070418,20250916,1
155601_merged_15070418,20250915,1
155601_merged_15070418,20250912,1
155601_merged_15070418,20250911,1
155601_merged_15070418,20250910,1
155601_merged_15070418,20251127,1
155601_merged_15070418,20251126,1
155601_merged_15070418,20251128,1
155601_merged_15070418,20251002,1
155601_merged_15070418,20251003,1
155601_merged_15070418,20251001,1
155601_merged_15070418,20251006,1
155601_merged_15070418,20251007,1
155601_merged_15070418,20251008,1
155601_merged_15070418,20251009,1
155601_merged_15070418,20251118,1
155601_merged_15070418,20251201,1
155601_merged_15070418,20251202,1
155601_merged_15070418,20251203,1
155601_merged_15070418,20251204,1
155601_merged_15070418,20251205,1
155601_merged_15070418,20250924,1
155601_merged_15070418,20250925,1
155601_merged_15070418,20251208,1
155601_merged_15070418,20251209,1
155601_merged_15070418,20251112,1
155601_merged_15070418,20251113,1
155601_merged_15070418,20251114,1
155601_merged_15070418,20251117,1
155601_merged_15070418,20250922,1
155601_merged_15070418,20260102,1
155601_merged_15070418,20251015,1
155601_merged_15070418,20251014,1
155601_merged_15070418,20251017,1
155601_merged_15070418,20251016,1
155601_merged_15070418,20251010,1
155601_merged_15070418,20251119,1
155601_merged_15070418,20250923,1
155601_merged_15070418,20251212,1
155601_merged_15070418,20251211,1
155601_merged_15070418,20251210,1
155601_merged_15070418,20251217,1
155601_merged_15070418,20251216,1
155601_merged_15070418,20251215,1
155601_merged_15070418,20251103,1
155601_merged_15070418,20251222,1
155601_merged_15070418,20251219,1
155601_merged_15070418,20251218,1
155601_merged_15070418,20251107,1
155601_merged_15070418,20251106,1
155601_merged_15070418,20251105,1
155601_merged_15070418,20250909,1
155601_merged_15070418,20251110,1
155601_merged_15070418,20250929,1
155601_merged_15070418,20251028,1
155601_merged_15070418,20251029,1
155601_merged_15070418,20251024,1
155601_merged_15070418,20251027,1
155601_merged_15070418,20251020,1
155601_merged_15070418,20251021,1
155601_merged_15070418,20251022,1
155601_merged_15070418,20251023,1
155601_merged_15070418,20251224,1
155601_merged_15070418,20250908,1
155601_merged_15070418,20251223,1
155601_merged_15070418,20250904,1
155601_merged_15070418,20250905,1
155601_merged_15070418,20250903,1
155601_merged_15070418,20251104,1
155601_merged_15070418,20250902,1
155601_merged_15070418,20251229,1
169801_merged_15070414,20260102,1
169801_merged_15070414,20250905,1
169801_merged_15070414,20251003,1
169801_merged_15070414,20251017,1
169801_merged_15070414,20251010,1
169801_merged_15070414,20251024,1
169801_merged_15070414,20251107,1
169801_merged_15070414,20251009,1
169801_merged_15070414,20251031,1
169801_merged_15070414,20251121,1
169801_merged_15070414,20251212,1
169801_merged_15070414,20250926,1
169801_merged_15070414,20251205,1
169801_merged_15070414,20250919,1
169801_merged_15070414,20251128,1
169801_merged_15070414,20251219,1
169801_merged_15070414,20251114,1
169801_merged_15070414,20250912,1
2001_merged_15070415,20250910,1
2001_merged_15070415,20251015,1
2001_merged_15070415,20251001,1
2001_merged_15070415,20251029,1
2001_merged_15070415,20251008,1
2001_merged_15070415,20251022,1
2001_merged_15070415,20251119,1
2001_merged_15070415,20251203,1
2001_merged_15070415,20251217,1
2001_merged_15070415,20250924,1
2001_merged_15070415,20251126,1
2001_merged_15070415,20250917,1
2001_merged_15070415,20251112,1
2001_merged_15070415,20251210,1
2001_merged_15070415,20251105,1
2001_merged_15070415,20250903,1
75301,20251009,1
75301,20250908,1
75301,20250922,1
75301,20250923,1
75301,20251015,1
75301,20251014,1
75301,20250909,1
75301,20251016,1
75301,20251201,1
75301,20251103,1
75301,20251030,1
75301,20251120,1
75301,20251211,1
75301,20251210,1
75301,20251125,1
75301,20251124,1
75301,20251127,1
75301,20250918,1
75301,20250917,1
75301,20250916,1
75301,20250915,1
75301,20251218,1
75301,20251106,1
75301,20251105,1
75301,20250910,1
75301,20251217,1
75301,20250903,1
75301,20251215,1
75301,20251126,1
75301,20251110,1
75301,20251006,1
75301,20250929,1
75301,20250904,1
75301,20251007,1
75301,20251002,1
75301,20251216,1
75301,20251001,1
75301,20251028,1
75301,20251029,1
75301,20251008,1
75301,20251027,1
75301,20251020,1
75301,20251021,1
75301,20251022,1
75301,20251023,1
75301,20251118,1
75301,20251119,1
75301,20251202,1
75301,20251203,1
75301,20251204,1
75301,20250911,1
75301,20250924,1
75301,20250925,1
75301,20251208,1
75301,20251209,1
75301,20251112,1
75301,20251113,1
75301,20251104,1
75301,20250902,1
75301,20251117,1
1_merged_15070429,20260216,2
1_merged_15070429,20260403,2
162601_merged_15070423,20260313,1
162601_merged_15070423,20260220,1
162601_merged_15070423,20260306,1
162601_merged_15070423,20260227,1
162601_merged_15070423,20260327,1
162601_merged_15070423,20260130,1
162601_merged_15070423,20260213,1
162601_merged_15070423,20260123,1
162601_merged_15070423,20260320,1
162601_merged_15070423,20260116,1
162601_merged_15070423,20260206,1
162601_merged_15070423,20260417,1
162601_merged_15070423,20260410,1
162601_merged_15070423,20260109,1
101_merged_15070436,20260312,1
101_merged_15070436,20260313,1
101_merged_15070436,20260310,1
101_merged_15070436,20260311,1
101_merged_15070436,20260129,1
101_merged_15070436,20260128,1
101_merged_15070436,20260219,1
101_merged_15070436,20260218,1
101_merged_15070436,20260217,1
101_merged_15070436,20260127,1
101_merged_15070436,20260126,1
101_merged_15070436,20260121,1
101_merged_15070436,20260120,1
101_merged_15070436,20260123,1
101_merged_15070436,20260122,1
101_merged_15070436,20260107,1
101_merged_15070436,20260106,1
101_merged_15070436,20260105,1
101_merged_15070436,20260415,1
101_merged_15070436,20260414,1
101_merged_15070436,20260417,1
101_merged_15070436,20260416,1
101_merged_15070436,20260410,1
101_merged_15070436,20260109,1
101_merged_15070436,20260108,1
101_merged_15070436,20260224,1
101_merged_15070436,20260225,1
101_merged_15070436,20260119,1
101_merged_15070436,20260413,1
101_merged_15070436,20260205,1
101_merged_15070436,20260130,1
101_merged_15070436,20260305,1
101_merged_15070436,20260304,1
101_merged_15070436,20260220,1
101_merged_15070436,20260306,1
101_merged_15070436,20260226,1
101_merged_15070436,20260209,1
101_merged_15070436,20260303,1
101_merged_15070436,20260302,1
101_merged_15070436,20260204,1
101_merged_15070436,20260213,1
101_merged_15070436,20260206,1
101_merged_15070436,20260309,1
101_merged_15070436,20260202,1
101_merged_15070436,20260212,1
101_merged_15070436,20260114,1
101_merged_15070436,20260115,1
101_merged_15070436,20260116,1
101_merged_15070436,20260409,1
101_merged_15070436,20260211,1
101_merged_15070436,20260112,1
101_merged_15070436,20260113,1
101_merged_15070436,20260402,1
101_merged_15070436,20260401,1
101_merged_15070436,20260407,1
101_merged_15070436,20260227,1
101_merged_15070436,20260331,1
101_merged_15070436,20260223,1
101_merged_15070436,20260408,1
101_merged_15070436,20260203,1
101_merged_15070436,20260330,1
101_merged_15070436,20260210,1
62101_merged_15070403,20251009,1
62101_merged_15070403,20250926,1
62101_merged_15070403,20251021,1
62101_merged_15070403,20250922,1
62101_merged_15070403,20251023,1
62101_merged_15070403,20250923,1
62101_merged_15070403,20251014,1
62101_merged_15070403,20251017,1
62101_merged_15070403,20251016,1
62101_merged_15070403,20251010,1
62101_merged_15070403,20251212,1
62101_merged_15070403,20251031,1
62101_merged_15070403,20251030,1
62101_merged_15070403,20251121,1
62101_merged_15070403,20251120,1
62101_merged_15070403,20251211,1
62101_merged_15070403,20251125,1
62101_merged_15070403,20251124,1
62101_merged_15070403,20250919,1
62101_merged_15070403,20250918,1
62101_merged_15070403,20251103,1
62101_merged_15070403,20250908,1
62101_merged_15070403,20250915,1
62101_merged_15070403,20251218,1
62101_merged_15070403,20251107,1
62101_merged_15070403,20250912,1
62101_merged_15070403,20250911,1
62101_merged_15070403,20251104,1
62101_merged_15070403,20251127,1
62101_merged_15070403,20251110,1
62101_merged_15070403,20250916,1
62101_merged_15070403,20250909,1
62101_merged_15070403,20251006,1
62101_merged_15070403,20251117,1
62101_merged_15070403,20251219,1
62101_merged_15070403,20251002,1
62101_merged_15070403,20251003,1
62101_merged_15070403,20250929,1
62101_merged_15070403,20251028,1
62101_merged_15070403,20251007,1
62101_merged_15070403,20251216,1
62101_merged_15070403,20251024,1
62101_merged_15070403,20250904,1
62101_merged_15070403,20251027,1
62101_merged_15070403,20251020,1
62101_merged_15070403,20251128,1
62101_merged_15070403,20251106,1
62101_merged_15070403,20251118,1
62101_merged_15070403,20251201,1
62101_merged_15070403,20251202,1
62101_merged_15070403,20251204,1
62101_merged_15070403,20251205,1
62101_merged_15070403,20250925,1
62101_merged_15070403,20251208,1
62101_merged_15070403,20251209,1
62101_merged_15070403,20250905,1
62101_merged_15070403,20251113,1
62101_merged_15070403,20251114,1
62101_merged_15070403,20250902,1
62101_merged_15070403,20251215,1
1_merged_15070405,20251226,2
1_merged_15070405,20251225,2
1_merged_15070405,20250930,2
1_merged_15070405,20251013,2
1_merged_15070405,20251111,2
1_merged_15070405,20250901,2
1_merged_15070405,20260101,2
2001_merged_15070439,20260107,1
2001_merged_15070439,20260311,1
2001_merged_15070439,20260128,1
2001_merged_15070439,20260218,1
2001_merged_15070439,20260204,1
2001_merged_15070439,20260225,1
2001_merged_15070439,20260121,1
2001_merged_15070439,20260211,1
2001_merged_15070439,20260114,1
2001_merged_15070439,20260408,1
2001_merged_15070439,20260304,1
2001_merged_15070439,20260415,1
2001_merged_15070439,20260401,1
801_merged_15070417,20251231,1
801_merged_15070417,20251230,1
801_merged_15070417,20251030,1
801_merged_15070417,20251120,1
801_merged_15070417,20251125,1
801_merged_15070417,20251124,1
801_merged_15070417,20251127,1
801_merged_15070417,20250918,1
801_merged_15070417,20250917,1
801_merged_15070417,20250916,1
801_merged_15070417,20250915,1
801_merged_15070417,20250911,1
801_merged_15070417,20250910,1
801_merged_15070417,20251126,1
801_merged_15070417,20251002,1
801_merged_15070417,20251001,1
801_merged_15070417,20251006,1
801_merged_15070417,20251007,1
801_merged_15070417,20251008,1
801_merged_15070417,20251009,1
801_merged_15070417,20251118,1
801_merged_15070417,20251119,1
801_merged_15070417,20251202,1
801_merged_15070417,20251203,1
801_merged_15070417,20251204,1
801_merged_15070417,20250924,1
801_merged_15070417,20250925,1
801_merged_15070417,20251208,1
801_merged_15070417,20251209,1
801_merged_15070417,20251112,1
801_merged_15070417,20251113,1
801_merged_15070417,20251117,1
801_merged_15070417,20250922,1
801_merged_15070417,20260102,1
801_merged_15070417,20251015,1
801_merged_15070417,20251014,1
801_merged_15070417,20251016,1
801_merged_15070417,20251201,1
801_merged_15070417,20250923,1
801_merged_15070417,20251211,1
801_merged_15070417,20251210,1
801_merged_15070417,20251217,1
801_merged_15070417,20251216,1
801_merged_15070417,20251215,1
801_merged_15070417,20251103,1
801_merged_15070417,20250908,1
801_merged_15070417,20251218,1
801_merged_15070417,20251106,1
801_merged_15070417,20251105,1
801_merged_15070417,20250909,1
801_merged_15070417,20251110,1
801_merged_15070417,20250929,1
801_merged_15070417,20251028,1
801_merged_15070417,20251029,1
801_merged_15070417,20251027,1
801_merged_15070417,20251020,1
801_merged_15070417,20251021,1
801_merged_15070417,20251022,1
801_merged_15070417,20251023,1
801_merged_15070417,20251224,1
801_merged_15070417,20251222,1
801_merged_15070417,20251223,1
801_merged_15070417,20250904,1
801_merged_15070417,20250903,1
801_merged_15070417,20251104,1
801_merged_15070417,20250902,1
801_merged_15070417,20251229,1
62201_merged_15070401,20251203,1
62201_merged_15070401,20260102,1
62201_merged_15070401,20251229,1
62201_merged_15070401,20251015,1
62201_merged_15070401,20251001,1
62201_merged_15070401,20251029,1
62201_merged_15070401,20251231,1
62201_merged_15070401,20251230,1
62201_merged_15070401,20251008,1
62201_merged_15070401,20251022,1
62201_merged_15070401,20251119,1
62201_merged_15070401,20251224,1
62201_merged_15070401,20251210,1
62201_merged_15070401,20251217,1
62201_merged_15070401,20251223,1
62201_merged_15070401,20250924,1
62201_merged_15070401,20251126,1
62201_merged_15070401,20250917,1
62201_merged_15070401,20251222,1
62201_merged_15070401,20251112,1
62201_merged_15070401,20250903,1
62201_merged_15070401,20251105,1
62201_merged_15070401,20250910,1
1803_merged_15070413,20251012,1
62101_merged_15070427,20260312,1
62101_merged_15070427,20260313,1
62101_merged_15070427,20260310,1
62101_merged_15070427,20260129,1
62101_merged_15070427,20260219,1
62101_merged_15070427,20260217,1
62101_merged_15070427,20260127,1
62101_merged_15070427,20260126,1
62101_merged_15070427,20260213,1
62101_merged_15070427,20260120,1
62101_merged_15070427,20260123,1
62101_merged_15070427,20260122,1
62101_merged_15070427,20260106,1
62101_merged_15070427,20260105,1
62101_merged_15070427,20260414,1
62101_merged_15070427,20260417,1
62101_merged_15070427,20260416,1
62101_merged_15070427,20260410,1
62101_merged_15070427,20260109,1
62101_merged_15070427,20260108,1
62101_merged_15070427,20260224,1
62101_merged_15070427,20260119,1
62101_merged_15070427,20260413,1
62101_merged_15070427,20260206,1
62101_merged_15070427,20260305,1
62101_merged_15070427,20260223,1
62101_merged_15070427,20260220,1
62101_merged_15070427,20260306,1
62101_merged_15070427,20260226,1
62101_merged_15070427,20260209,1
62101_merged_15070427,20260303,1
62101_merged_15070427,20260302,1
62101_merged_15070427,20260205,1
62101_merged_15070427,20260130,1
62101_merged_15070427,20260309,1
62101_merged_15070427,20260202,1
62101_merged_15070427,20260212,1
62101_merged_15070427,20260115,1
62101_merged_15070427,20260116,1
62101_merged_15070427,20260409,1
62101_merged_15070427,20260112,1
62101_merged_15070427,20260113,1
62101_merged_15070427,20260402,1
62101_merged_15070427,20260203,1
62101_merged_15070427,20260407,1
62101_merged_15070427,20260227,1
62101_merged_15070427,20260331,1
62101_merged_15070427,20260330,1
62101_merged_15070427,20260210,1
62201_merged_15070425,20260304,1
62201_merged_15070425,20260311,1
62201_merged_15070425,20260316,1
62201_merged_15070425,20260128,1
62201_merged_15070425,20260218,1
62201_merged_15070425,20260327,1
62201_merged_15070425,20260326,1
62201_merged_15070425,20260318,1
62201_merged_15070425,20260319,1
62201_merged_15070425,20260121,1
62201_merged_15070425,20260211,1
62201_merged_15070425,20260320,1
62201_merged_15070425,20260107,1
62201_merged_15070425,20260408,1
62201_merged_15070425,20260415,1
62201_merged_15070425,20260401,1
62201_merged_15070425,20260406,1
62201_merged_15070425,20260317,1
62201_merged_15070425,20260323,1
62201_merged_15070425,20260114,1
62201_merged_15070425,20260225,1
62201_merged_15070425,20260204,1
62201_merged_15070425,20260324,1
62201_merged_15070425,20260325,1
92501,20251231,1
92501,20251224,1
401_merged_15070433,20260312,1
401_merged_15070433,20260313,1
401_merged_15070433,20260310,1
401_merged_15070433,20260311,1
401_merged_15070433,20260129,1
401_merged_15070433,20260128,1
401_merged_15070433,20260219,1
401_merged_15070433,20260218,1
401_merged_15070433,20260217,1
401_merged_15070433,20260127,1
401_merged_15070433,20260126,1
401_merged_15070433,20260121,1
401_merged_15070433,20260120,1
401_merged_15070433,20260123,1
401_merged_15070433,20260122,1
401_merged_15070433,20260107,1
401_merged_15070433,20260106,1
401_merged_15070433,20260105,1
401_merged_15070433,20260415,1
401_merged_15070433,20260414,1
401_merged_15070433,20260417,1
401_merged_15070433,20260416,1
401_merged_15070433,20260410,1
401_merged_15070433,20260109,1
401_merged_15070433,20260108,1
401_merged_15070433,20260224,1
401_merged_15070433,20260225,1
401_merged_15070433,20260119,1
401_merged_15070433,20260413,1
401_merged_15070433,20260205,1
401_merged_15070433,20260130,1
401_merged_15070433,20260305,1
401_merged_15070433,20260304,1
401_merged_15070433,20260220,1
401_merged_15070433,20260306,1
401_merged_15070433,20260226,1
401_merged_15070433,20260209,1
401_merged_15070433,20260303,1
401_merged_15070433,20260302,1
401_merged_15070433,20260204,1
401_merged_15070433,20260213,1
401_merged_15070433,20260206,1
401_merged_15070433,20260309,1
401_merged_15070433,20260202,1
401_merged_15070433,20260212,1
401_merged_15070433,20260114,1
401_merged_15070433,20260115,1
401_merged_15070433,20260116,1
401_merged_15070433,20260409,1
401_merged_15070433,20260211,1
401_merged_15070433,20260112,1
401_merged_15070433,20260113,1
401_merged_15070433,20260402,1
401_merged_15070433,20260401,1
401_merged_15070433,20260407,1
401_merged_15070433,20260227,1
401_merged_15070433,20260331,1
401_merged_15070433,20260223,1
401_merged_15070433,20260408,1
401_merged_15070433,20260203,1
401_merged_15070433,20260330,1
401_merged_15070433,20260210,1
