service_id,start_date,end_date,monday,tuesday,wednesday,thursday,friday,saturday,sunday
401_merged_15070409,20250901,20260104,0,0,0,0,0,0,0
1901_merged_15070402,20250901,20260104,0,0,0,0,0,0,0
155601_merged_15070442,20260105,20260419,0,0,0,0,0,0,0
1901_merged_15070426,20260105,20260419,0,0,0,0,0,0,0
3_merged_15070406,20250901,20260104,0,0,0,0,0,0,1
253403_merged_15070404,20250901,20260104,0,0,0,0,0,0,0
1101_merged_15070416,20250901,20260104,0,0,0,0,0,0,0
1803_merged_15070437,20260105,20260419,0,0,0,0,0,0,0
701_merged_15070398,20250901,20260104,0,0,0,0,0,0,0
32603_merged_15070420,20260105,20260419,0,0,0,0,0,0,0
101_merged_15070412,20250901,20260104,0,0,0,0,0,0,0
253403_merged_15070428,20260105,20260419,0,0,0,0,0,0,0
152201_merged_15070410,20250901,20260104,0,0,0,0,0,0,0
701_merged_15070422,20260105,20260419,0,0,0,0,0,0,0
152301_merged_15070411,20250901,20260104,0,0,0,0,0,0,0
162503_merged_15070400,20250901,20260104,0,0,0,0,0,0,0
3_merged_15070430,20260105,20260419,0,0,0,0,0,0,1
162503_merged_15070424,20260105,20260419,0,0,0,0,0,0,0
169801_merged_15070438,20260105,20260419,0,0,0,0,0,0,0
-999_merged_15070432,20260105,20260419,1,1,1,1,1,1,1
201_merged_15070419,20260105,20260419,0,0,0,0,0,0,0
152201_merged_15070434,20260105,20260419,0,0,0,0,0,0,0
801_merged_15070441,20260105,20260419,0,0,0,0,0,0,0
259806,20250901,20260104,0,0,0,0,0,0,0
32603_merged_15070396,20250901,20260104,0,0,0,0,0,0,0
6,20250901,20260104,0,0,0,0,0,0,0
2_merged_15070431,20260105,20260419,0,0,0,0,0,1,0
152301_merged_15070435,20260105,20260419,0,0,0,0,0,0,0
43501,20250901,20260104,0,0,0,0,0,0,0
75401,20250901,20260104,0,0,0,0,0,0,0
162601_merged_15070399,20250901,20260104,0,0,0,0,0,0,0
201_merged_15070395,20250901,20260104,0,0,0,0,0,0,0
1201_merged_15070397,20250901,20260104,0,0,0,0,0,0,0
1101_merged_15070440,20260105,20260419,0,0,0,0,0,0,0
35301,20250901,20260104,0,0,0,0,0,0,0
259802,20250901,20260104,0,0,0,0,0,0,0
259803,20250901,20260104,0,0,0,0,0,0,0
259801,20250901,20260104,0,0,0,0,0,0,0
1201_merged_15070421,20260105,20260419,0,0,0,0,0,0,0
259701,20260105,20260419,0,0,0,0,0,0,0
259703,20260105,20260419,0,0,0,0,0,0,0
259702,20260105,20260419,0,0,0,0,0,0,0
155601_merged_15070418,20250901,20260104,0,0,0,0,0,0,0
169801_merged_15070414,20250901,20260104,0,0,0,0,0,0,0
2001_merged_15070415,20250901,20260104,0,0,0,0,0,0,0
75301,20250901,20260104,0,0,0,0,0,0,0
1_merged_15070429,20260105,20260419,1,1,1,1,1,0,0
162601_merged_15070423,20260105,20260419,0,0,0,0,0,0,0
101_merged_15070436,20260105,20260419,0,0,0,0,0,0,0
62101_merged_15070403,20250901,20260104,0,0,0,0,0,0,0
1_merged_15070405,20250901,20260104,1,1,1,1,1,0,0
-999_merged_15070408,20250901,20260104,1,1,1,1,1,1,1
2001_merged_15070439,20260105,20260419,0,0,0,0,0,0,0
801_merged_15070417,20250901,20260104,0,0,0,0,0,0,0
62201_merged_15070401,20250901,20260104,0,0,0,0,0,0,0
1803_merged_15070413,20250901,20260104,0,0,0,0,0,0,0
62101_merged_15070427,20260105,20260419,0,0,0,0,0,0,0
62201_merged_15070425,20260105,20260419,0,0,0,0,0,0,0
2_merged_15070407,20250901,20260104,0,0,0,0,0,1,0
401_merged_15070433,20260105,20260419,0,0,0,0,0,0,0
